Input myone: 
Result: 3562ba358c4bbe346553b21f567d0116
495051525354555657484950515253545556574849505152535455565748495051525354555657484950515253545556574849505152535456200000053545556574810-12800000000000000000000000000000000000000000000000000000000
[49, 50, 51, 52, 53, 54, 55, 56, 57, 48, 49, 50, 51, 52, 53, 54, 55, 56, 57, 48, 49, 50, 51, 52, 53, 54, 55, 56, 57, 48, 49, 50, 51, 52, 53, 54, 55, 56, 57, 48, 49, 50, 51, 52, 53, 54, 55, 56, 57, 48, 49, 50, 51, 52, 53, 54, 56, 2, 0, 0, 0, 0, 0, 0]
[53, 54, 55, 56, 57, 48, 10, -128, 0, 0, 0, 0, 0, 0, 0, 0, 0, 0, 0, 0, 0, 0, 0, 0, 0, 0, 0, 0, 0, 0, 0, 0, 0, 0, 0, 0, 0, 0, 0, 0, 0, 0, 0, 0, 0, 0, 0, 0, 0, 0, 0, 0, 0, 0, 0, 0, 0, 0, 0, 0, 0, 0, 0, 0]
Message: [49, 50, 51, 52, 53, 54, 55, 56, 57, 48, 49, 50, 51, 52, 53, 54, 55, 56, 57, 48, 49, 50, 51, 52, 53, 54, 55, 56, 57, 48, 49, 50, 51, 52, 53, 54, 55, 56, 57, 48, 49, 50, 51, 52, 53, 54, 55, 56, 57, 48, 49, 50, 51, 52, 53, 54, 55, 56, 57, 48, 49, 50, 51, 52, 53, 54, 55, 56, 57, 48, 10, -128, 0, 0, 0, 0, 0, 0, 0, 0, 0, 0, 0, 0, 0, 0, 0, 0, 0, 0, 0, 0, 0, 0, 0, 0, 0, 0, 0, 0, 0, 0, 0, 0, 0, 0, 0, 0, 0, 0, 0, 0, 0, 0, 0, 0, 0, 0, 0, 0, 56, 2, 0, 0, 0, 0, 0, 0]

State: [1732584193, -271733879, -1732584194, 271733878]
[875770417, 943142453, 842084409, 909456435, 809056311, 875770417, 943142453, 842084409, 909456435, 809056311, 875770417, 943142453, 842084409, 909456435, 809056311, 875770417]
[892613426, 959985462, 858927408, 926299444, 825243960, 892613426, 959985462, 858927408, 926299444, 825243960, 892613426, 959985462, 858927408, 926299444, 825243960, 892613426]
[-930247700, -1532961653, -370282599, -1328444131]



MD5: 
e43c6a1a37db81a5b09e9cd3115d1997 test
[49, 50, 51, 52, 53, 54, 55, 56, 57, 48, 49, 50, 51, 52, 53, 54, 55, 56, 57, 48, 49, 50, 51, 52, 53, 54, 55, 56, 57, 48, 49, 50, 51, 52, 53, 54, 55, 56, 57, 48, 49, 50, 51, 52, 53, 54, 55, 56, 57, 48, 49, 50, 51, 52, 53, 54, 55, 56, 57, 48, 49, 50, 51, 52]
[53, 54, 55, 56, 57, 48, 10, -128, 0, 0, 0, 0, 0, 0, 0, 0, 0, 0, 0, 0, 0, 0, 0, 0, 0, 0, 0, 0, 0, 0, 0, 0, 0, 0, 0, 0, 0, 0, 0, 0, 0, 0, 0, 0, 0, 0, 0, 0, 0, 0, 0, 0, 0, 0, 0, 0, 56, 2, 0, 0, 0, 0, 0, 0]
Message: [49, 50, 51, 52, 53, 54, 55, 56, 57, 48, 49, 50, 51, 52, 53, 54, 55, 56, 57, 48, 49, 50, 51, 52, 53, 54, 55, 56, 57, 48, 49, 50, 51, 52, 53, 54, 55, 56, 57, 48, 49, 50, 51, 52, 53, 54, 55, 56, 57, 48, 49, 50, 51, 52, 53, 54, 55, 56, 57, 48, 49, 50, 51, 52, 53, 54, 55, 56, 57, 48, 10, -128, 0, 0, 0, 0, 0, 0, 0, 0, 0, 0, 0, 0, 0, 0, 0, 0, 0, 0, 0, 0, 0, 0, 0, 0, 0, 0, 0, 0, 0, 0, 0, 0, 0, 0, 0, 0, 0, 0, 0, 0, 0, 0, 0, 0, 0, 0, 0, 0, 56, 2, 0, 0, 0, 0, 0, 0]
[875770417, 943142453, 842084409, 909456435, 809056311, 875770417, 943142453, 842084409, 909456435, 809056311, 875770417, 943142453, 842084409, 909456435, 809056311, 875770417]
[943142453, -2146815943, 0, 0, 0, 0, 0, 0, 0, 0, 0, 0, 0, 0, 568, 0]
